[
  {
    "m00": -0.440667838,
    "m01": 0.403338224,
    "m02": -0.801953733,
    "m03": -7.20436,
    "m10": 0.4033383,
    "m11": 0.887078941,
    "m12": 0.224519923,
    "m13": 6.79838133,
    "m20": 0.801953852,
    "m21": -0.224519968,
    "m22": -0.553589,
    "m23": 28.59713,
    "m30": 0.0,
    "m31": 0.0,
    "m32": 0.0,
    "m33": 1.0
  },
  {
    "m00": 0.47174722,
    "m01": 0.525903046,
    "m02": 0.707729042,
    "m03": -3.87257862,
    "m10": 0.525903,
    "m11": 0.4764363,
    "m12": -0.704580963,
    "m13": 7.40099525,
    "m20": -0.707729161,
    "m21": 0.704581,
    "m22": -0.0518164672,
    "m23": -39.02378,
    "m30": 0.0,
    "m31": 0.0,
    "m32": 0.0,
    "m33": 1.0
  },
  {
    "m00": -0.336306363,
    "m01": -0.7217359,
    "m02": 0.6049755,
    "m03": 35.09719,
    "m10": -0.7217359,
    "m11": 0.6101922,
    "m12": 0.3267458,
    "m13": 32.42805,
    "m20": -0.6049755,
    "m21": -0.326745927,
    "m22": -0.726114035,
    "m23": -18.3814964,
    "m30": 0.0,
    "m31": 0.0,
    "m32": 0.0,
    "m33": 1.0
  },
  {
    "m00": 0.590293646,
    "m01": 0.0842221752,
    "m02": -0.8027826,
    "m03": 28.1792641,
    "m10": 0.08422225,
    "m11": 0.9826867,
    "m12": 0.165025845,
    "m13": -40.9450722,
    "m20": 0.802782655,
    "m21": -0.1650258,
    "m22": 0.5729803,
    "m23": 34.4122276,
    "m30": 0.0,
    "m31": 0.0,
    "m32": 0.0,
    "m33": 1.0
  },
  {
    "m00": 0.9910549,
    "m01": 0.0450333469,
    "m02": -0.125627473,
    "m03": 19.6031075,
    "m10": 0.0450333133,
    "m11": 0.7732848,
    "m12": 0.632457554,
    "m13": -6.518631,
    "m20": 0.125627458,
    "m21": -0.6324576,
    "m22": 0.7643395,
    "m23": 30.0321712,
    "m30": 0.0,
    "m31": 0.0,
    "m32": 0.0,
    "m33": 1.0
  },
  {
    "m00": 0.47047177,
    "m01": -0.3005642,
    "m02": 0.829649,
    "m03": -38.6299858,
    "m10": -0.300564259,
    "m11": 0.8293975,
    "m12": 0.470915049,
    "m13": 6.132824,
    "m20": -0.829649031,
    "m21": -0.470915139,
    "m22": 0.29986918,
    "m23": 40.9474869,
    "m30": 0.0,
    "m31": 0.0,
    "m32": 0.0,
    "m33": 1.0
  },
  {
    "m00": 0.691990435,
    "m01": 0.373027354,
    "m02": 0.618061364,
    "m03": 15.2419081,
    "m10": 0.373027325,
    "m11": 0.5482305,
    "m12": -0.7485279,
    "m13": -26.9873829,
    "m20": -0.6180614,
    "m21": 0.7485279,
    "m22": 0.240220875,
    "m23": -42.3920975,
    "m30": 0.0,
    "m31": 0.0,
    "m32": 0.0,
    "m33": 1.0
  },
  {
    "m00": 0.04453145,
    "m01": 0.400870085,
    "m02": -0.915051937,
    "m03": 46.16946,
    "m10": 0.400870174,
    "m11": 0.831813633,
    "m12": 0.3839131,
    "m13": -36.533226,
    "m20": 0.915052,
    "m21": -0.383913159,
    "m22": -0.123655081,
    "m23": -29.262722,
    "m30": 0.0,
    "m31": 0.0,
    "m32": 0.0,
    "m33": 1.0
  },
  {
    "m00": 0.3081416,
    "m01": -0.208779991,
    "m02": -0.928148448,
    "m03": 48.6920242,
    "m10": -0.208779916,
    "m11": 0.9369971,
    "m12": -0.280084461,
    "m13": -22.01795,
    "m20": 0.9281486,
    "m21": 0.280084521,
    "m22": 0.24513866,
    "m23": 36.46617,
    "m30": 0.0,
    "m31": 0.0,
    "m32": 0.0,
    "m33": 1.0
  },
  {
    "m00": -0.16718711,
    "m01": -0.6339769,
    "m02": 0.7550643,
    "m03": 38.0219421,
    "m10": -0.6339769,
    "m11": 0.655645,
    "m12": 0.410125524,
    "m13": 13.4887333,
    "m20": -0.7550643,
    "m21": -0.410125643,
    "m22": -0.511541963,
    "m23": 1.16672862,
    "m30": 0.0,
    "m31": 0.0,
    "m32": 0.0,
    "m33": 1.0
  },
  {
    "m00": 0.486246675,
    "m01": 0.394442171,
    "m02": -0.779730439,
    "m03": 20.1189632,
    "m10": 0.39444223,
    "m11": 0.6971609,
    "m12": 0.598650157,
    "m13": 45.6171265,
    "m20": 0.7797305,
    "m21": -0.5986502,
    "m22": 0.183407471,
    "m23": -34.33517,
    "m30": 0.0,
    "m31": 0.0,
    "m32": 0.0,
    "m33": 1.0
  }
]